glucose
sat2017        83        101       184       5220.0
sat2018        95        95        190       5745.9
sat2019        118       86        204       5437.6
sat2020        68        91        159       6494.6
glucose+rx
sat2017        88        95        183       5237.0
sat2018        113       95        208       5283.4
sat2019        120       84        204       5443.9
sat2020        93        88        181       6018.1
glucose+rx+rp
sat2017        112       94        206       4618.2
sat2018        141       87        228       4698.3
sat2019        134       85        219       5096.3
sat2020        130       85        215       5123.7
glucose+rx+rp+cf
sat2017        110       94        204       4668.5
sat2018        150       91        241       4438.2
sat2019        140       85        225       4923.6
sat2020        134       87        221       4977.9
kissat_sat
sat2017        115       114       229       3943.5
sat2018        167       98        265       3786.4
sat2019        159       88        247       4293.5
sat2020        146       114       260       4048.8
kissat_sat+cf
sat2017        113       113       226       4001.0
sat2018        178       104       282       3409.4
sat2019        162       90        252       4211.7
sat2020        157       113       270       3896.8
maple
sat2017        101       113       214       4531.0
sat2018        133       102       235       4533.9
sat2019        143       97        240       4601.8
sat2020        86        104       190       5835.7
maple_noLS
sat2017        96        112       208       4673.6
sat2018        134       101       235       4505.7
sat2019        142       95        237       4665.5
sat2020        111       105       216       5176.4
maple+rx
sat2017        101       112       213       4520.3
sat2018        149       101       250       4148.6
sat2019        146       93        239       4602.1
sat2020        121       105       226       4977.8
maple+rx+rp
sat2017        111       103       214       4447.1
sat2018        158       93        251       4147.2
sat2019        155       94        249       4416.3
sat2020        142       99        241       4589.2
maple+rx+rp+cf
sat2017        116       107       223       4139.4
sat2018        162       97        259       3927.6
sat2019        154       95        249       4377.4
sat2020        151       106       257       4171.1
ccanr
sat2017        13        0         13        9629.9
sat2018        56        0         56        8622.0
sat2019        13        0         13        9678.3
sat2020        45        0         45        8978.7